1|441|0
5|17|0
8|2|0
14|5|0
15|53|0
16|3|0
17|8|0
18|33|0
20|4|0
22|11|1
23|5|1
24|14|0
25|11|0
26|13|0
28|9|0
32|2|1
35|3|0
39|3|0
43|4|0
45|100|1
51|10|0
52|11|0
53|13|0
55|13|0
56|7|0
57|17|0
58|26|0
59|88|1
60|103|0
61|74|2
62|25|2
63|23|1
65|30|3
66|51|2
71|52|8
76|94|0
77|65|16
80|38|3
83|23|11
84|77|0
87|413|0
90|144|1
94|378|0
95|188|1
103|230|0
107|201|1
108|1567|4
109|189|3
112|343|5
114|384|0
116|53|1
118|164|0
124|988|3
125|67|0
126|454|12
127|118|0
129|49|0
130|233|1
133|100|1
137|140|2
138|161|0
141|303|1
145|56|0
152|210|8
156|139|7
160|236|0
164|405|5
167|143|0
172|135|0
174|407|1
177|939|0
179|777|3
182|61|0
183|167|0
186|134|0
187|89|0
190|396|1
192|246|2
194|329|0
195|288|0
204|957|4
205|83|0
211|897|1
215|287|0
218|877|13
222|100|2
223|649|1
225|142|1
227|770|6
228|1421|10
231|625|15
237|191|6
240|543|4
242|0|2
244|93|0
246|385|8
247|841|1
249|359|5
250|335|6
253|0|47
254|42|1
255|255|1
256|272|5
257|291|9
259|134|3
260|71|10
262|288|3
263|146|0
268|146|2
269|59|0
279|225|9
280|290|3
284|203|1
286|443|1
289|182|0
290|207|4
291|358|7
294|9|0
295|77|0
297|330|1
299|511|2
300|298|1
303|401|4
305|135|1
308|320|2
309|276|0
312|422|5
316|158|0
317|108|1
318|486|0
319|90|0
320|259|0
321|440|0
329|64|0
330|95|0
331|303|1
332|150|1
334|1552|6
337|638|10
340|178|7
341|319|1
342|30|2
343|0|2
344|189|1
345|1|18
346|0|10
347|4|423
348|0|4
349|0|172
350|1|70
353|0|4
354|5|416
356|16|0
357|3|158
358|0|7
359|0|20
360|11|0
361|43|0
362|4|557
363|0|7
366|10|580
369|55|2
370|496|5
374|2|0
375|2|29
378|0|8
379|2|22
380|0|9
381|0|2
382|0|15
383|34|0
384|0|36
385|0|13
386|6|0
387|1|79
388|2|0
389|1|5
390|2|0
391|0|2
392|0|6
393|4|172
394|0|0
395|1|8
396|0|9
397|0|56
398|0|7
399|0|6
400|0|14
401|0|2
402|0|27
403|0|8
404|0|0
405|0|9
406|0|6
407|1|435
408|0|104
409|0|33
410|0|3
411|38|1
412|0|6
414|0|5
415|0|10
416|9|1
417|0|15
418|0|6
419|2|0
421|4|236
422|1|8
423|10|0
424|10|242
425|0|111
426|0|9
427|12|170
429|3|0
430|0|7
431|0|4
432|0|6
433|0|1
434|0|2
435|0|2
436|6|108
437|0|145
438|0|4
439|0|197
440|0|1122
441|0|13
442|10|561
443|1|0
444|0|3
445|0|51
446|2|12
447|1|29
448|3|35
449|0|6
450|5|2
451|14|4
452|18|0
453|0|22
454|0|7
455|0|25
456|0|12
457|0|52
458|0|17
459|0|18
460|0|117
461|0|30
462|11|0
463|0|74
464|6|178
465|0|188
466|1|175
467|1|131
468|0|27
469|0|20
470|1|482
471|0|108
472|3|187
473|3|29
474|0|28
475|3|317
476|0|23
477|2|32
478|0|81
479|0|100
480|0|4
488|30|0
489|51|0
490|63|0
491|31|0
492|27|0
493|35|0
494|43|0
495|33|0
496|36|0
497|45|0
498|43|0
499|55|0
500|55|0
501|54|0
502|48|0
503|45|0
504|51|0
505|45|0
506|50|0
507|47|0
508|47|0
509|360|0
510|31|0
512|59|0
513|44|0
514|51|0
515|58|0
516|58|0
517|66|0
518|77|0
519|61|0
520|55|0
521|174|4
522|268|0
525|5|0
526|216|0
527|68|0
