279|5|[0.0013266898458823562, 0.026194274425506592, 0.9996559619903564]
341|1|[0.0026122000999748707, -0.015737226232886314, 0.9998726844787598]
489|2|[0.0020930548198521137, 0.018659019842743874, 0.9998237490653992]
383|3|[0.022480206564068794, 0.032909128814935684, 0.9992055296897888]
465|4|[0.008205102756619453, -0.0035597668029367924, 0.9999600052833557]
471|3|[0.03442922607064247, 0.08569981902837753, 0.9957259297370911]
62|5|[0.014451604336500168, 0.03844136372208595, 0.9991563558578491]
63|3|[0.0013077228795737028, 0.027590053156018257, 0.999618411064148]
83|10|[0.02901473641395569, 0.013735744170844555, 0.9994845986366272]
65|4|[0.026946846395730972, 0.02996676415205002, 0.9991876482963562]
71|2|[0.03132905066013336, 0.047706976532936096, 0.9983699321746826]
77|1|[0.005684984847903252, 0.032687537372112274, 0.9994494318962097]
80|6|[0.022014986723661423, 0.027923760935664177, 0.9993675947189331]
436|4|[0.02377108670771122, 0.04443387687206268, 0.998729407787323]
87|6|[0.02015918307006359, 0.024367349222302437, 0.9994997978210449]
94|4|[0.022173726931214333, 0.026320604607462883, 0.9994075894355774]
107|5|[0.008735720068216324, 0.0529530830681324, 0.9985588192939758]
114|1|[0.021205013617873192, 0.0318765789270401, 0.9992668628692627]
347|2|[0.003075801534578204, 0.0009291526512242854, 0.9999948143959045]
349|6|[-0.01842650957405567, 0.06373591721057892, 0.9977967143058777]
32|1|[0.012929387390613556, 0.022304734215140343, 0.9996676445007324]
490|2|[0.007318202871829271, 0.032075513154268265, 0.9994586110115051]
493|3|[0.007157667074352503, 0.011719287373125553, 0.9999057650566101]
496|4|[-0.0115765780210495, 0.02225852571427822, 0.9996852278709412]
499|5|[0.01638803631067276, 0.02205009199678898, 0.9996225237846375]
502|6|[0.04245704784989357, 0.0040075890719890594, 0.999090313911438]
505|10|[0.019755495712161064, -0.017258211970329285, 0.9996558427810669]
509|4|[0.01650560460984707, 0.022315258160233498, 0.9996147751808167]
518|10|[0.027715051546692848, 0.0123939523473382, 0.9995390176773071]
521|2|[0.030475571751594543, 0.038446009159088135, 0.9987958073616028]
522|3|[-0.007203501183539629, 0.018382040783762932, 0.9998050332069397]
