228|-0.9578216957095739|0.2873631834944006|1552.619869354633|946|0.8265110901409478
22|-0.9896883082737604|0.1432377480492562|1737.3438813433143|10|0.49681449921048315
190|-0.9559528280083395|0.29352034107171887|1463.3070068546954|253|0.7886506228002339
249|-0.9559381260493429|0.29356821892921336|1540.3515983938682|283|0.8194862269549765
127|-0.9528614366770276|0.3034058049770818|1494.44390666758|98|0.6798700993859802
114|0.9008260139470511|-0.4341802535770914|-1155.284849562579|370|0.6702575753696925
130|0.9530252597077554|-0.30289082911003656|-1538.6891147645583|128|0.6356373550246779
129|-0.9533023761707838|0.3020175153648168|1500.4604694993702|49|0.9956247511421837
62|0.9562886970017744|-0.2924242260597582|-1517.9826472771672|20|0.7126018075106617
59|0.9554912381592929|-0.29501948037514625|-1440.9842531370566|86|0.5233416797752677
491|-0.9591693111216659|0.2828325168759576|1521.36381347128|29|0.5799351809074224
227|-0.953239625142973|0.30221551425643955|1441.4659769006894|361|1.0423647315554179
498|-0.9547068818089541|0.29754792862095997|1423.8135636542686|40|0.5781310666712457
17|-0.9328866839830534|0.3601700082559661|1308.4122112243372|5|0.08725570219038449
500|0.9556610509630452|-0.29446893838265487|-1528.3674748374317|52|0.3921693306164489
156|-0.9605085468553689|0.278250483230106|1603.6332952131347|112|0.7013679227138075
107|0.983907238513863|-0.17868001007394313|-1710.1802890904419|198|0.5984162261255994
55|-0.9481155817486905|0.3179258461423703|1505.42783666359|11|0.7811663051144746
56|-0.9389951399398654|0.3439304103584221|1390.7573065253862|6|0.676400747944126
222|-0.9602703655500932|0.27907136192431214|1470.2299375838293|54|0.9818915845375125
506|-0.9554828790027144|0.2950465521450541|1544.3858803271094|50|0.5439236293869824
90|-0.9510874186782408|0.3089218704332226|1490.9491476765295|128|1.0124360627100577
526|0.9284696392645663|-0.3714083049205093|-1333.0422347711647|209|0.6631769950512616
218|0.9500006582670546|-0.31224789717812845|-1509.81214976616|518|0.9913517680055627
195|-0.9532704129030567|0.30211838719885264|1550.3650390919029|164|0.7115100182945694
194|0.9555575995419023|-0.2948044673299871|-1574.2702039552419|194|0.7396001044233144
23|-0.2312791640339056|-0.9728874283717401|1849.313334503262|5|1.319797380805928
182|0.9614456757671327|-0.2749949318599921|-1615.4447992566859|50|0.937640265130194
125|-0.9528642113588409|0.30339709080921373|1483.1389985106243|59|0.7636210251139118
138|-0.9529359700425789|0.30317162960773403|1525.1484823550245|149|0.7067435252169579
427|-0.9457740097994717|0.3248253721429852|1527.7300247130345|106|0.8020296583827513
186|0.950738246403682|-0.3099948174167621|-1461.1477434561762|68|0.7939385063989752
45|-0.9499554296081579|0.3123854698253106|1463.9754713085522|43|0.6966401644567399
118|-0.9584292330146603|0.2853303441678258|1476.2788350767491|127|0.7205488682655526
183|-0.9672775044777797|0.25372077039777174|1648.1408045629043|112|0.7235919335132593
53|0.9473373784645746|-0.3202372423124262|-1499.1735153069644|10|0.8742950619881752
112|-0.9539652081650022|0.29991729128328704|1565.224136405609|261|0.8070639011677638
109|-0.9609519439041375|0.27671530768437674|1528.2743784281763|111|0.6716417145394049
507|0.9548602857547916|-0.29705527210988464|-1542.4032805704123|47|0.6541815727292116
240|-0.9600835690422496|0.2797133183370003|1557.6340017687514|197|0.7966714479182162
520|-0.9545999640570287|0.29789076625890815|1534.1511824786048|50|0.5430981444215153
177|-0.956448647627935|0.29190064140164923|1471.3746907955215|854|0.7585026963061343
488|-0.9579393805993659|0.28697063107032944|1515.6437752449299|28|0.54243216197913
174|-0.9530048736205472|0.30295496506161573|1535.48534894768|321|0.6786955602778194
223|-0.9646562525905705|0.2635115070313198|1549.3889161226923|446|1.1732869922912472
26|0.9499929969261686|-0.3122712055109096|-1427.8785491113454|8|0.6777800056519921
237|0.9627640914640518|-0.27034293811268495|-1584.019010046139|131|0.7191943933985524
61|-0.9532456975316462|0.3021963602318948|1561.2372614626306|69|0.568558252216426
164|-0.9518730101808374|0.3064926956540263|1519.7565598287338|227|0.7073497078217139
436|-0.9529384957762137|0.3031636905497872|1485.409953339702|88|0.5681118064264598
124|-0.955629096700565|0.29457262184266614|1473.113192524563|752|0.8198040342048506
103|-0.836365431923073|0.5481722943419628|959.924889123128|214|0.6503781223325306
57|0.9529959661182238|-0.30298298394859263|-1446.8826839826688|16|0.6426165199128606
383|0.9521112374192665|-0.3057518464048142|-1505.4698983912526|13|0.6123550587511297
205|-0.9554965367438027|0.2950023190935944|1574.5481604157956|65|0.7269944854664928
133|-0.9542408440326641|0.29903914723632574|1428.2763897163893|73|0.7632126971666298
204|-0.9561634668512349|0.2928334418385777|1437.4756940347431|627|0.8350603606180428
231|-0.9536909739104462|0.3007881751029197|1438.9484369280312|395|1.1124023304594686
493|0.9551621235793105|-0.2960832951712439|-1504.3148277236464|30|0.5254052574035705
501|-0.9555074814999158|0.29496686728798555|1529.0701430750757|52|0.5157413553802151
66|-0.9539323474178664|0.30002179345814034|1535.2985629954744|51|0.5825307953748627
52|-0.9404938506626727|0.3398107074029574|1433.6848253717892|8|0.8793296110086118
87|-0.9566038164197246|0.2913917267377676|1580.76665424589|405|0.6209464826108368
126|-0.9536498603620351|0.30091850031440537|1544.3590819569913|219|0.8062519281947812
152|-0.9534025697777041|0.30170107712978095|1562.2731718708847|133|0.829584171922236
167|-0.9559304125807393|0.2935933349093905|1491.8643867187193|124|0.6351441702055893
172|0.9475649428868227|-0.3195632629259697|-1458.7029329519019|85|0.6879949927458574
225|0.9532301311019069|-0.3022454584595791|-1528.7036165754373|107|0.78066830627251
505|0.9562687090918501|-0.292489582740662|-1553.1939741567994|44|0.6667680281618368
464|-0.9619181406705732|0.2733376861116435|1507.0415983072508|107|0.8812391037602375
65|0.9535146877633879|-0.30134654505981834|-1512.6468471428686|32|0.7543427310024876
95|-0.9537361050347811|0.3006450431207623|1456.5635455449922|132|0.8033957914072256
108|0.9512510061456884|-0.3084177739800602|-1517.4213087505163|1395|0.7854630296126298
284|-0.9411596677352981|0.33796224615832926|1498.99496155922|96|1.1595039869519144
317|-0.9600586386752008|0.2797988747388381|1479.3498890411915|75|0.6685267609019335
474|-0.9555799422723084|0.29473203749652316|1494.3256483293037|23|0.79624582873523
476|-0.9324691458850363|0.3612496255671846|1402.9750562869253|14|0.6661013091894175
489|-0.9565638929967358|0.291522758313874|1511.967844400859|50|0.6804772243763704
116|-0.9590753206130137|0.28315107167560755|1512.4645125318993|47|0.6358553628030889
141|-0.9548937519497788|0.29694767634597596|1573.9630585884324|235|0.7850076367312112
312|-0.9580373196165197|0.2866434967376628|1468.8335374849676|341|0.7607815604738949
321|-0.9504302752095513|0.31093776220507|1495.2564397762449|295|0.7777038626539502
494|0.9543688569693055|-0.29863034816826856|-1502.851746227764|42|0.35787833171019745
495|-0.9544546271408991|0.2983561038915198|1499.1423843427226|33|0.5792521808389552
496|-0.955808706618232|0.29398931333091405|1432.1599331967186|36|0.7365836397262078
179|-0.9594282106733206|0.28195302545670686|1486.4394314011756|482|0.8991137731355731
192|-0.9502792871100049|0.3113989025184594|1485.6409425737206|77|0.9073838622619391
215|0.9716481533260837|-0.23643152526262515|-1613.1140855834906|177|1.1202247430199987
211|-0.9483431585583967|0.3172463610752434|1513.519449322619|525|0.798273418724803
356|0.9715287801992679|-0.23692156770653586|-1556.7578233306626|7|0.6996869816299749
362|-0.9566032993611864|0.2913934241730458|1498.9628251452518|376|0.8664335800331918
384|-0.9849674351405996|0.17274012768476454|1688.8633812164676|11|1.0966721611711894
497|-0.9554808592058414|0.2950530930040682|1428.0390151624047|43|0.5592833865273913
247|0.9559138176462273|-0.2936473620399397|-1539.5147591561536|499|0.7142608706457618
403|0.9408624967617218|-0.33878866891810117|-1383.1430167921562|8|0.08957273188019471
250|0.9521638200700586|-0.30558805563960306|-1447.4471402134766|292|0.9490235800239615
502|-0.9549931715764564|0.29662778400268086|1647.504847992307|46|0.49805305516072007
408|-0.9581422458275233|0.28629257196195296|1667.983888214545|79|0.6685250484307265
416|0.9498527208926691|-0.3126976312874677|-1483.7324572478506|9|1.167452255389271
503|0.954969459008527|-0.296704115847693|-1644.344140530815|44|0.44998093926257515
504|0.9547118870405803|-0.2975318684501112|-1644.4962346016403|51|0.5541133006835052
254|-0.9549651613279933|0.2967179479738288|1481.1444792695702|21|0.7396272971690839
513|0.9569177729847301|-0.2903590462615971|-1536.7486098244815|43|0.575882320761135
516|0.9572524977848441|-0.2892536179284144|-1611.891587836917|53|0.693206159130698
5|-0.9864978612149043|0.16377414270396679|1692.0189829557598|16|1.2234814401294989
24|0.9767995301676762|-0.2141557327371999|-1594.6996391931561|7|0.7393655361403575
522|-0.9554626237356206|0.29511213910011197|1461.1477048058946|256|0.7386794647351169
260|-0.9540914859003492|0.29951533605554126|1540.7862133039903|46|0.724047394385773
51|-0.94863208598742|0.31638136075811457|1547.717830153841|10|0.7776891569864189
421|-0.9539531787887503|0.29995555117190076|1582.6220391946651|157|0.7690066982019488
268|0.9575959337375938|-0.28811460860085836|-1500.33018625468|86|0.7846497148235552
425|-0.9584023433467447|0.2854206514383087|1462.796776830447|107|0.8636554327606379
440|-0.9569151477764191|0.2903676978522819|1447.7086566897458|926|0.7363302378260482
60|-0.9555911508014071|0.29469569475993795|1521.0167902513763|103|0.6236653561656225
451|-0.9526965566239309|0.30392313336912213|1465.066128039088|11|0.4642592586166996
455|0.9416617628006481|-0.3365607292587419|-1579.2535960098437|7|1.0369825768678862
58|-0.9561400543662106|0.2929098776698726|1565.7824801806632|25|0.791874812526149
262|0.955541847442111|-0.2948555201906818|-1402.4656231934077|201|0.8041404400441914
279|0.9662214699579806|-0.2577131564205429|-1558.3149739572045|86|0.7549881476405831
460|-0.958177770665075|0.2861736532305288|1495.0545163125237|86|0.6927476905099261
417|-0.9593133457201288|0.2823435933809243|1483.9261224439404|6|0.5007730772268424
414|-0.9588708560189896|0.283842705520875|1664.210962862231|5|0.7129602013143477
424|-0.9710120816484904|0.23903041081139767|1453.075033720308|125|1.0370438204546146
439|-0.9492661545953455|0.3144737949969212|1666.5728274751996|94|0.8109504444223256
80|-0.9592176908551162|0.2826683950330824|1602.5219071181793|35|0.6169630599104677
441|-0.9290196790291585|0.37003031764513494|1555.1379823570073|11|0.7186781052094975
145|0.9525870135754816|-0.30426630041354447|-1525.7906940171592|52|0.628090881136043
446|0.9507052683782464|-0.31009594108573324|-1460.427121216649|13|0.5327733653831955
137|-0.9534910293639755|0.30142139426793596|1430.2463404223897|114|0.61429766339299
187|0.9529515462383211|-0.30312266580048547|-1490.4783591182172|33|0.7166035176172437
246|-0.9555760945813223|0.29474451218760256|1503.5014606724203|330|0.825838768236987
256|0.9584504226059352|-0.28525915832187476|-1503.8600870304026|143|0.9528690208669496
269|-0.9575558685138316|0.28824773836878875|1418.266214682014|47|0.48868245427535395
303|-0.9577557628673777|0.2875828553553348|1452.7057208169251|337|0.8368706478571518
447|-0.9431672976293447|0.33231829423394565|1373.9482342659999|21|1.1873460305363248
457|-0.9519830598644933|0.30615070427983115|1481.0726794881666|52|0.7930995757532439
463|-0.9505201055066668|0.31066304741245776|1445.7785874368467|35|0.7078178123332166
309|-0.9586111931433232|0.2847184229731796|1480.6840924138526|252|0.6850715643032267
466|0.9520431340422283|-0.3059638392409333|-1566.9770138576146|71|0.7787484093321612
319|-0.9572917939490256|0.2891235397504953|1462.4994506381306|65|0.5927375763384204
330|0.9544150920219319|-0.2984825491059189|-1459.372521492457|79|0.5437638714597259
334|0.951968284169026|-0.30619664586059814|-1521.5468515189625|1240|0.7861744299271982
469|-0.9568773120103103|0.290492357489699|1409.1927794629128|16|0.8085748933278663
344|-0.9570015861230261|0.29008268503654666|1472.9575465363544|92|0.6787421952924981
478|0.9518895367881834|-0.3064413642985841|-1452.8405689666258|51|0.7777183811509439
490|0.95500842518663|-0.29657867054552806|-1503.8394290450556|49|0.5527276307235274
492|-0.9550801016675227|0.2963477676628501|1493.7141103466847|23|0.6892260996705941
345|-0.9545649345223747|0.2980029962605991|1475.8253646164203|16|1.176110156237109
499|0.9560143913327489|-0.2933197633380227|-1533.8460693639818|54|0.6713996095247902
510|-0.9542949440051314|0.2988664582154431|1486.9848796195402|30|0.39584719042994876
349|-0.960204123558644|0.27929919638440837|1470.9898718998197|137|0.8190596413796467
354|-0.9595649524444214|0.2814873035153365|1471.2183909544635|265|0.7539814608909479
357|-0.9578333588581057|0.2873243057219477|1500.3576644668356|80|0.75698769144799
361|-0.9969684792448408|0.07780649967855753|1922.8342263574884|34|1.0377178283307116
370|0.9465792796855921|-0.32247118827874466|-1419.3731586309614|267|1.1114982380630967
397|0.9473031513359299|-0.32033847641052476|-1708.8945984099519|44|1.02610927589656
512|-0.9550765857618533|0.2963590986109272|1526.0153192513044|55|0.689036021433862
514|-0.956052800930291|0.29319454604979506|1532.1425397822973|45|0.6086473998340165
515|-0.9563337894418495|0.2922767236229943|1606.592761474454|58|0.6873119488040481
517|0.9577712742854043|-0.28753119161877544|-1616.0955894906701|63|0.5756848308072922
521|-0.9542979232697245|0.2988569451143656|1555.1731192417512|155|0.7814376049178479
527|0.9561279760232652|-0.29294930186920465|-1509.0399495611532|63|0.5526592233356634
409|0.9563692878625468|-0.2921605470170212|-1474.1902363673275|20|1.1673119228684394
332|-0.9539249120540136|0.3000454334975659|1520.213649818613|78|0.96228680193638
400|0.9509864605253892|-0.30923252076292446|-1386.952944096335|13|0.2513607460794009
411|0.9315987973823314|-0.3634882126229045|-1385.6883058541666|21|1.2546996690442063
426|0.9530714548521573|-0.30274544083436244|-1440.2714470893657|7|0.14803200764594915
430|-0.9527708158102056|0.30369025756575624|1420.5256887261837|7|0.3928759433479965
456|0.9557436903784288|-0.29420060894196365|-1481.1207123286995|12|0.6359598161787186
462|0.9618395082251713|-0.27361425477697765|-1600.035222229336|10|0.9721787601145896
472|0.9612099948836981|-0.2758175950436829|-1499.6445334160403|88|0.7545361949059224
473|-0.9252790114400163|0.3792871616448231|1263.4702321169143|14|0.8907478441044714
477|-0.9531560523511498|0.30247899078509943|1533.2541904516493|22|0.8151999231546336
508|0.9554194118829827|-0.2952520065929702|-1493.1764441817759|45|0.4936008599264543
509|-0.9536104833335041|0.3010432627986231|1489.4936170780945|239|0.7401123604266481
442|0.9579116938252014|-0.28706303634033714|-1427.5371265993035|358|0.7612968346422808
25|0.961493651178083|-0.2748271433906023|-1492.9922407202534|11|0.35812023171557117
71|-0.9520980719651412|0.30579284059680173|1538.2656164039058|58|1.1573437168594292
76|-0.9548086495945265|0.2972212015645532|1468.9208105116309|91|0.5586835954840795
253|0.8759629129008858|-0.4823784564242014|-1296.39701421325|45|0.7593475213275129
299|-0.9548138721114804|0.2972044239635095|1549.621126106972|291|1.1252917657478756
300|-0.9574268123824241|0.2886761142374453|1473.768263557331|275|0.6090612760658324
320|-0.9576382256887737|0.28797400698614684|1476.8444224915627|229|0.6739248428489176
341|-0.9518552658740764|0.30654779860209574|1447.4864999176116|266|1.0929450069443911
422|-0.8953493708857279|0.4453644620471322|1122.7506942910195|5|0.10548577959819581
437|0.9495932665351032|-0.3134846537730234|-1567.8728064837078|143|0.8986243111206209
445|-0.9600439857655344|0.27984914756959056|1481.1757863096232|23|1.1068548940548097
448|0.9710772222131933|-0.23876563508744025|-1579.8136400994576|26|0.998929588438991
452|0.9530794527733225|-0.30272026146477904|-1466.5009344359933|13|1.0794545357063758
461|-0.9510567799751622|0.30901618285014726|1484.5604080070443|24|0.6851719718973565
465|0.9540902084191315|-0.2995194053792478|-1496.032643682775|115|0.8140526871925141
1|0.954660831695884|-0.2976956439481824|-1440.1431343849003|301|0.7829899144462914
468|0.9392621040701451|-0.34320066995523774|-1580.6273262246423|15|0.9727776490067598
475|-0.9544123900623578|0.2984911886395608|1451.4688055029067|230|0.6657381304164768
518|-0.9537582168619244|0.3005748887854114|1532.9696263706387|74|0.46454580623050223
84|-0.947190141972608|0.32067247301555346|1442.0033434856578|53|1.0964295988374764
77|0.954130225860935|-0.2993919038627484|-1430.9414589584512|24|0.49011490837239546
255|-0.9466205731377949|0.322349950383543|1494.6330930153058|111|0.7903106454756536
259|-0.9452465485621379|0.32635710874955076|1481.6115565666812|75|1.2538946024865623
263|-0.9720379977875682|0.2348236164808291|1536.274641720085|114|0.9237115913117926
257|0.9523858797277137|-0.3048952870991428|-1501.2113721666851|185|0.562280965558923
286|-0.9549117287431345|0.29688986225332525|1406.4513388786422|347|0.808216366795237
280|-0.9543647402433624|0.2986435041654506|1513.524149824204|166|0.6792533646375231
290|-0.956336641352225|0.29226739196692103|1577.3539960438793|147|1.0937699536716583
305|0.9562160764752524|-0.29266160508388206|-1467.6468798507408|118|0.650326148622863
318|-0.9534543256397028|0.3015374751485123|1517.8479523369213|415|0.7771226949529159
329|-0.9586535220451929|0.28457586803934515|1484.545759958074|54|0.7355972517751457
340|-0.9548518669824957|0.2970823322246584|1456.014723612743|123|0.6220343809190402
342|-0.9667963916962508|0.25554791527834775|1530.7664813059678|11|0.7366387949154442
359|-0.9477221522529781|0.3190967284836731|1404.3902323175919|11|1.3453995873391928
375|-0.9591626963297413|0.28285494863880417|1537.1669226901986|29|0.6731975524531936
382|0.9707306346578191|-0.24017084530980853|-1616.451452149257|14|0.30076653095914013
387|-0.9461502170890895|0.3237279207950233|1646.2391050372719|53|1.0628545325017769
395|-0.9817322520254774|0.19026766759747832|1666.6235933083094|5|0.57572879117566
402|0.9500090096865489|-0.31222248720164714|-1412.5524560255958|10|0.7264899798291109
405|0.9485790081358034|-0.3165404639601317|-1573.4926445025064|6|0.54571689350423
407|-0.9520674978402025|0.30588801800053544|1637.4092818443114|270|0.807268332317869
415|0.9616013104609491|-0.27445021355390753|-1558.5340899203734|9|0.8527965339714354
471|-0.957979988104794|0.2868350438679672|1535.2541281475085|81|0.9192737896122526
479|-0.9503389853560376|0.31121666554421074|1429.608690024836|94|1.0790334251819158
160|-0.9556993283326269|0.2943446854022777|1461.0311236486582|175|0.7636454951675806
519|-0.9531857071393594|0.30238552826687914|1527.4539142990716|55|0.5518107068691773
244|0.9615584652025808|-0.2746002876860426|-1497.2034078105353|56|0.7634023679564366
289|-0.9534820013399057|0.30144995127027|1512.8387463639046|85|0.7966276287757773
291|0.9592869614856743|-0.28243322312288693|-1584.1711580605847|228|0.7804983916373909
295|0.9493419523822845|-0.3142449004311644|-1497.6321367970086|65|1.0034841346241727
297|0.9546456717611402|-0.29774425500372165|-1544.546350342633|145|0.7926238455553034
308|-0.962034035194214|0.2729295057848048|1578.0939799687965|163|0.8543447047481159
316|-0.955058860796467|0.2964162148300169|1461.1085497209435|129|0.7050565593607778
331|0.95202507786645|-0.306020017504378|-1499.739152760842|244|1.0136812247916804
337|-0.9590713272289646|0.28316459751754336|1551.9376150016824|279|0.7453097532052066
346|-0.9614461263085633|0.27499335665840763|1492.9303226451443|10|0.6301541146192996
347|-0.9520303936114907|0.30600347978405434|1493.2427541690174|334|0.8999553490069939
350|-0.9504199161923812|0.31096942438906594|1456.1671496517347|64|0.6635006260507447
366|0.9473875091177476|-0.3200889057241281|-1478.754086083708|371|0.782636441215981
369|-0.9539565480744925|0.2999448355711407|1456.7498512357454|39|0.6679473156593341
378|-0.9471013556946485|0.32093460711079314|1411.507708062686|7|0.5731300037447076
380|-0.9468596755743921|0.3216469411810985|1401.7338345035303|9|0.06385165463724499
379|-0.9630002707379296|0.269500424041734|1668.482118130721|15|0.8665054469054835
385|0.9336515074982039|-0.3581827222889616|-1410.393287312008|5|0.8144075196478956
393|-0.9560164128996147|0.2933131743828659|1453.732050617251|134|0.7553584947360533
396|-0.9482897055788768|0.3174061031126011|1673.1514692280844|5|0.7686359699783923
18|-0.9821039917221497|0.1883394527002233|1657.0463039307283|25|1.0294068368855207
15|-0.9540415983709756|0.29967420405793027|1433.0571482823207|27|0.6448411978177799
28|0.9811965623970416|-0.19301115496320015|-1646.8569238584148|9|0.6907635012004116
63|-0.9554912580893821|0.295019415826772|1475.0638435355916|20|0.5732434895790544
83|-0.9586642279133996|0.28453980058896056|1569.676343660488|27|0.5040069278374151
94|0.9770063128654431|-0.21321037643855853|-1680.9396810869712|356|0.6932841187514733
412|-0.9527076055399085|0.3038884965680901|1368.6595762801835|6|0.5226633619349094
423|-0.9258195098773084|0.37796591794835216|1335.1433740750958|6|0.5510522929588173
432|0.9472439686044702|-0.3205134380060426|-1625.2722200549447|5|0.8744656179338747
453|-0.9994160602986101|0.034169261291472484|2140.1426138766105|8|1.0686189744902164
458|0.08937912411706439|0.9959976767904964|-1527.2231077772644|7|1.2206830908372246
459|0.962962536976908|-0.26963522095415715|-1500.1491909260149|8|0.772215648661786
467|0.9377920455997456|-0.3471974642906321|-1328.5579661574634|74|0.623068570593354
470|-0.9507735638307987|0.3098864797316626|1424.666834737779|413|1.1099047849205896
